:::::::::::::::::::::::::::::::::::::::::
::  OPT/GIA/FIB Curso 2022-23 : alumno 48 ::
:::::::::::::::::::::::::::::::::::::::::
--------------------------------------------------------------------------------------------
OPT/GIA/FIB Curso 2022-23, ejercicio implementacion del simplex : cjt. datos 48, problema PL 1
--------------------------------------------------------------------------------------------
c=
  17  77 -23 -81  -3   9 -92 -23 -78 -89 -36  27 -69 -56   0   0   0   0   0   0 

A=
   5 -87 -25  -6 -97  32  15 -37   9 -61  83  95  36  81   0   0   0   0   0   0 
  38  96  -8 -81  -2 -87  80  20 -32  57  94 -43  11  42   0   0   0   0   0   0 
  35  -3  22 -39  -5 -57 -45 -65 -29  16  99  55  52 -27   0   0   0   0   0   0 
  20 -69 -83  -5  59  26  75  47 -41 100 -95 -37  99  68   0   0   0   0   0   0 
  50  70  93  68  87  55  57  62  78  90  78  90  98  89   1   0   0   0   0   0 
 -40   8  97 -23  17 -57 -78 -27  58 -71  60  72 -60  57   0  -1   0   0   0   0 
  75  42  53 -48  56  42  62 -79  50  51  -2  10 -40 -56   0   0  -1   0   0   0 
 -31 -36  42   8  88 -89  99  92  90  21  52  55  13 -49   0   0   0  -1   0   0 
  81 -91  51  53  19 -51  37 -33 -25 -39  68 -35  13   6   0   0   0   0   1   0 
  81 -35 -32  14  51  54 -35 -30  14  67  17 -90  62 -51   0   0   0   0   0   1 

b=
   43  185    9  164 1066   12  215  354   55   88 

z*=
 -880.0193 

vb*=
 17 14 11  9 12  3  7  4 18 10 

--------------------------------------------------------------------------------------------
OPT/GIA/FIB Curso 2022-23, ejercicio implementacion del simplex : cjt. datos 48, problema PL 2
--------------------------------------------------------------------------------------------
c=
 -73  19  44  58  59 -18  46 -57  93  92  -8 -74  71  14   0   0   0   0   0   0 

A=

 Columns 1 to 18

   76  -40   52   43   58  -13  -28  -67  -26  -45   17  -13   38   -1    0    0    0    0 
  -49  -55   85  -75   95   82  -47   79   29   44  -84  -87   56    5    0    0    0    0 
   -5   14   28  -38  -71   49   74   48   -7   98 -100   64    7   94    0    0    0    0 
   54   12   33  -17  -17   38    3   16  -46  -59   83  -16   50   32    0    0    0    0 
   51   67   95   78   60   94   57   77   68   63   73   55   73   72    1    0    0    0 
   15  -19   74  -42   78   77   57   92  -16   96   37    3   42  -12    0    1    0    0 
   45  -45   22   68  -64   85   80  -48   65  -13   40   70   10    7    0    0    1    0 
   -3  -34   28  -30  -63   79   61   72  -70   65   30  100  -55  -60    0    0    0    1 
   37   91  -86  -12   44   69  -28   81  -70  -60   59  -15   84 -100    0    0    0    0 
   22   28   -2   16   52   69  -65  -99  -69   47   35   66  -80   87    0    0    0    0 

 Columns 19 to 20

    0    0 
    0    0 
    0    0 
    0    0 
    0    0 
    0    0 
    0    0 
    0    0 
    1    0 
    0   -1 

b=
  51  78 255 166 984 483 323 121  95 106 

--------------------------------------------------------------------------------------------
OPT/GIA/FIB Curso 2022-23, ejercicio implementacion del simplex : cjt. datos 48, problema PL 3
--------------------------------------------------------------------------------------------
c=
  38 -39 -90 -42 -80  -9 -19 -91  99 -93 -16 -12  10  84   0   0   0   0   0   0 

A=
  44 -37  78 -51  52 -94 -92  46  63 -46  97  37 -12 -31   0   0   0   0   0   0 
 -98  81 -30 -49   0  88 -25  42   5  58 -63   6 -10  11   0   0   0   0   0   0 
  99 -76 -48  17   6  50 -32  50  86  72  31   9 -21 -56   0   0   0   0   0   0 
 -35   2 -66  23  -5  88  30 -41   9  15  77  41 -14 -58   0   0   0   0   0   0 
  61   5  72  30 -84  81  -2 -63  41  20  17 -16 -41  80  -1   0   0   0   0   0 
 -48 -13  21  95  39  19  76 -18  27  57 -82  -5  77  61   0   1   0   0   0   0 
  38  43  79 -24  -4  -9 -33  97 -98  36 100 -68  14  86   0   0   1   0   0   0 
  39  86  94  63  33  82  36  79  34  57  66  83  49  36   0   0   0   1   0   0 
  59  59  84  42  71  90  25  16  81  85  66  18  42  10   0   0   0   0   1   0 
  65  61  45  14  54  85  44  79  99  94  34  46   7  72   0   0   0   0   0   1 

b=
  54  16 187  66 200 307 258  74   9  53 

--------------------------------------------------------------------------------------------
OPT/GIA/FIB Curso 2022-23, ejercicio implementacion del simplex : cjt. datos 48, problema PL 4
--------------------------------------------------------------------------------------------
Warning: one or more outputs not assigned in call (1)
c=

 Columns 1 to 22

 -39 -39 -44 -33 -65 -20 -84 -94 -64 -33  -7 -55 -85 -28   0   0   0   0   0   0   0   0 

 Columns 23 to 24

   0   0 

A=

 Columns 1 to 22

  29  47   0  27  39  53   1  80  42  51  19  35  68  60  -1   0   0   0   0   0   0   0 
  45  74  67  15  55  29  92  85  25  91  86   6  52  76   0  -1   0   0   0   0   0   0 
  94  72  93  48  53  22   4  66  94   4  87  24  33  69   0   0  -1   0   0   0   0   0 
  13  14  83  63  45  74  38  18  30  18  66  47  25  46   0   0   0  -1   0   0   0   0 
  72  68  36   7  18 100   7  83  81  14  57  29  38  73   0   0   0   0  -1   0   0   0 
  49  61  89 100  65  88  20  88  46  21  24  43  17  84   0   0   0   0   0  -1   0   0 
   0  93  28   9  84  83  40  71   7 100  86  44  49  78   0   0   0   0   0   0  -1   0 
  91  67  14  32  60  50  15  21  50  23  49  60   9  63   0   0   0   0   0   0   0  -1 
   4  93  24  93   5  79  79  63  10  60  46  61  36   5   0   0   0   0   0   0   0   0 
  54  95   3  20  64  84  59 100  23  40  72   1  57  79   0   0   0   0   0   0   0   0 

 Columns 23 to 24

   0   0 
   0   0 
   0   0 
   0   0 
   0   0 
   0   0 
   0   0 
   0   0 
  -1   0 
   0  -1 

b=
 550 797 762 579 682 794 771 603 657 750 
